tags:
  - id: 0
    x: -7.70934
    y: 3.67623
    z: 1.70819
    qx: 0.689698
    qy: -0.109311
    qz: -0.100048
    qw: 0.708773

  - id: 1
    x: -3.96472
    y: 4.98565
    z: 0.343696
    qx: 0.625965
    qy: -0.108068
    qz: -0.13031
    qw: 0.761255
